    8.400
   -0.080
    1.020
   10.710
   21.420
   24.680
   24.250
   23.340
   11.840
   -2.300
   -7.690
   -8.780
   -8.660
   -9.310
   -7.730
    0.230
    5.490
    0.070
   -8.100
  -11.770
  -15.890
   -9.870
    1.060
   -0.170
    1.540
    3.750
    0.010
   -2.070
   -0.500
    2.250
    2.340
    4.570
    9.740
   12.390
    7.020
    4.660
    6.190
    6.770
   13.850
   18.940
   17.050
    4.280
  -12.550
  -15.350
   -2.050
   13.960
   16.340
    7.520
    0.530
   -3.110
   -7.900
   -5.640
    2.720
    0.280
  -10.440
  -14.880
  -17.680
  -22.180
  -19.800
  -18.150
  -17.430
  -13.330
  -12.610
  -11.850
  -11.530
  -10.190
   -7.740
   -9.580
   -9.080
   -8.500
   -7.150
   -4.720
   -6.060
  -10.550
  -17.780
  -15.440
  -12.070
  -14.030
   -7.690
   -2.590
   -1.950
    5.850
   13.030
   10.050
    5.480
    3.780
   -3.300
   -8.490
    0.670
   14.490
   19.680
   18.780
   16.150
    8.370
    1.830
   -0.940
   -2.140
   -6.110
   -9.090
   -3.940
   -4.600
   -7.050
   -1.210
    1.050
   -5.040
  -13.440
  -16.500
  -10.710
   -6.500
   -9.980
  -11.980
   -7.790
  -10.640
  -18.700
  -14.980
   -6.960
   -7.180
  -14.190
  -14.920
   -6.560
   -6.250
  -14.210
  -25.620
  -36.850
  -35.630
  -29.890
  -26.810
  -27.630
  -32.050
  -29.750
  -25.000
  -18.630
  -10.480
  -10.840
  -14.250
  -14.510
  -11.600
   -9.460
  -13.920
  -13.920
  -12.300
  -19.930
  -19.020
   -9.260
   -7.190
  -11.290
  -16.990
  -21.310
  -24.520
  -25.820
  -20.790
  -17.780
  -17.910
  -17.310
  -19.460
  -16.520
  -12.260
  -14.120
  -17.960
  -18.960
  -15.780
  -14.010
  -13.130
  -12.310
  -12.870
   -7.900
    1.070
    0.430
   -3.280
   -2.390
   -5.170
   -7.090
   -8.170
  -13.950
  -15.940
   -7.520
   -0.100
    2.000
    2.620
    0.170
   -3.960
   -7.940
   -3.770
    2.260
    4.700
    3.540
   -3.790
   -7.750
   -9.850
  -13.890
  -12.690
   -9.150
  -10.480
  -10.140
   -9.310
  -14.400
  -22.340
  -24.200
  -11.870
   -0.310
    0.770
    1.170
   -1.940
   -8.300
   -8.700
   -3.750
    4.740
   13.980
   15.280
    8.080
    3.910
    5.690
    7.770
    9.400
   10.440
    8.390
    0.100
   -7.550
  -10.180
   -8.770
   -4.940
   -4.670
   -8.820
  -10.240
   -6.280
   -3.540
   -5.400
  -12.330
  -18.610
  -16.290
   -7.950
   -5.350
   -4.030
   -1.310
   -5.720
  -12.260
  -14.520
   -9.300
  -10.270
  -17.610
  -10.490
    0.740
    0.750
   -4.990
  -10.270
  -10.320
   -5.780
   -6.550
   -9.930
   -2.110
    5.800
    1.040
  -11.900
  -21.330
  -19.840
  -17.280
  -11.490
   -1.960
   -0.050
   -3.120
  -12.180
  -20.040
  -14.260
   -6.880
   -6.170
   -7.810
   -5.980
   -4.640
   -8.830
   -4.700
    5.700
    7.360
    0.040
   -8.950
   -9.580
   -9.040
   -7.140
   -4.390
   -5.610
    2.400
    5.600
   -0.540
    0.790
    3.980
    0.160
   -3.710
    0.550
    5.910
    6.520
    2.550
   -6.210
  -10.980
   -5.890
   -0.780
    0.500
    0.440
    2.970
    6.360
    6.600
    8.990
    4.040
  -12.150
  -22.860
  -23.680
  -20.480
  -16.500
  -16.010
  -20.000
  -28.800
  -32.990
  -27.450
  -20.690
  -10.370
   -4.720
  -11.000
  -15.320
  -13.550
  -11.750
  -14.220
  -15.810
  -12.410
   -6.940
   -4.560
  -13.230
  -16.870
   -2.400
    5.260
   -3.010
   -5.020
   -2.030
   -5.990
  -13.690
  -16.950
   -9.310
   -4.800
  -12.370
  -17.730
  -19.110
  -18.670
  -12.270
  -10.630
  -11.600
   -3.000
   -0.430
   -9.930
  -14.570
  -13.850
  -16.110
  -16.250
  -10.610
   -4.740
   -3.230
   -9.990
  -16.000
  -14.940
  -15.060
  -17.090
  -20.590
  -23.340
  -17.690
   -9.120
  -11.050
  -19.070
  -22.710
  -27.190
  -37.440
  -44.490
  -38.440
  -28.790
  -26.160
  -24.320
  -17.860
  -20.860
  -28.920
  -20.800
  -11.370
  -12.230
  -10.410
   -3.410
   -4.610
  -18.480
  -24.100
  -12.530
  -12.580
  -17.650
   -4.040
   -0.160
  -10.330
  -13.180
  -16.330
  -19.980
  -16.780
  -14.100
  -17.300
  -23.230
  -23.080
  -15.450
  -11.560
  -12.140
  -12.300
   -7.090
    0.770
   -0.290
   -4.390
   -0.740
    4.660
    2.810
   -3.640
   -3.650
    1.030
    2.030
    0.300
   -1.470
   -1.750
   -8.850
  -17.760
  -23.880
  -24.950
  -14.420
   -6.610
   -8.330
  -11.420
  -14.630
  -23.930
  -27.650
  -22.970
  -16.640
   -5.330
    1.620
    4.050
    7.050
   10.500
   12.030
   13.430
   15.040
    8.560
   -0.130
   -5.020
   -7.360
   -6.690
    0.300
    8.660
   10.830
    7.460
   -0.980
  -11.410
  -18.260
  -16.310
  -13.800
  -14.200
   -8.410
   -7.150
  -18.780
  -29.070
  -25.950
  -17.160
  -16.260
  -17.680
  -18.740
  -18.810
  -15.780
  -20.760
  -24.050
  -17.210
  -14.150
  -14.490
  -15.630
  -15.260
  -16.160
  -22.860
  -26.650
  -25.050
  -18.660
   -6.600
    0.360
   -1.970
   -0.560
   -4.530
  -12.630
  -11.800
   -6.440
    2.490
    2.400
   -7.020
  -10.290
   -7.530
   -2.360
   -1.230
   -6.310
  -10.340
  -18.380
  -20.840
   -9.330
   -0.060
    4.470
    2.140
   -4.320
   -9.130
  -18.240
  -16.360
   -1.680
   -3.440
  -14.620
  -12.650
  -10.590
  -24.490
  -32.850
  -26.530
  -26.670
  -20.350
   -9.990
  -12.740
  -13.710
  -18.040
  -29.600
  -27.410
  -12.880
   -6.070
   -4.870
   -3.400
   -9.120
  -15.070
  -13.400
  -10.510
  -10.160
   -8.670
   -1.970
    3.500
    1.540
   -5.800
  -13.730
  -18.070
  -16.710
  -13.400
   -9.890
   -3.750
   -2.980
  -10.020
  -11.650
   -1.530
    5.660
   -3.590
  -17.590
  -15.650
   -3.920
    2.560
    8.340
   12.530
    6.440
    1.330
    8.410
   15.130
   13.160
   11.260
    6.170
   -3.820
   -4.450
    0.300
    3.420
    7.930
    8.070
    4.250
    3.810
    6.130
    9.810
   12.930
   11.060
    1.390
   -1.280
    8.080
    9.270
    1.650
    1.690
    5.640
    0.240
   -7.030
   -5.260
    4.350
    6.390
    0.330
    5.130
   10.250
    0.410
   -9.910
   -3.710
    4.360
    4.590
    9.160
   10.610
    7.640
    3.910
    0.480
    4.570
    3.070
   -7.700
   -8.000
    3.530
   14.540
   22.510
   22.030
   15.210
   14.740
    8.690
   -1.410
    0.980
    0.580
   -1.770
    2.010
   -0.800
   -2.830
    4.040
    9.770
    8.310
   -3.630
  -15.020
  -16.730
  -14.360
   -4.160
    9.320
   17.830
   19.600
   12.170
   -0.540
   -5.100
    7.350
   13.610
    2.990
    1.390
    3.320
   -3.770
   -5.920
   -2.010
    2.100
    4.870
    1.870
   -4.300
   -9.360
  -14.980
   -8.460
    8.100
   15.530
   17.120
   14.310
    7.130
    1.870
   -5.750
  -17.260
  -18.320
   -8.790
   -4.680
   -0.840
    7.340
    8.330
    2.990
    0.270
    3.240
   13.560
   19.400
   15.740
   15.910
   15.880
    7.890
    0.540
    1.360
   11.140
   22.930
   23.570
   14.910
    9.320
    7.240
    4.790
    4.290
    1.560
   -8.210
  -10.640
   -2.940
    2.090
    5.390
    6.310
    1.320
   -2.370
   -3.620
   -7.480
   -8.830
   -4.020
   -0.370
    0.720
   -1.240
  -14.890
  -22.980
  -15.250
  -12.220
  -11.810
   -6.430
   -7.820
  -19.180
  -23.820
  -13.630
   -1.610
   -0.040
    0.850
    7.320
    2.220
   -3.080
    0.480
   -4.680
   -8.270
   -8.810
  -12.820
   -9.710
   -5.720
   -5.670
   -4.740
   -6.360
   -8.880
   -8.810
  -11.170
  -19.130
  -27.410
  -25.020
  -17.040
  -15.010
   -6.890
    6.680
    7.080
    2.080
    3.060
    0.600
   -8.570
  -13.240
  -12.980
  -13.500
  -14.300
   -9.550
    1.040
    2.870
    0.090
    1.110
   -0.580
   -3.730
  -10.300
  -19.150
  -19.350
   -8.780
    0.410
    5.780
   10.320
    7.710
    0.500
   -8.570
  -15.120
  -10.080
    0.890
    8.930
   15.900
   14.250
    6.910
    3.200
   -5.590
  -11.290
    2.520
   18.440
   15.900
    7.180
   -1.240
   -9.900
  -16.990
  -26.470
  -24.130
  -10.020
   -2.330
    3.710
    8.630
    8.160
   11.070
   11.660
    7.320
    3.490
   -4.590
   -1.750
    6.630
    5.440
    8.770
   14.710
   15.660
   15.710
   15.950
    7.120
   -4.460
   -1.710
    8.930
   16.700
   21.320
   17.100
   10.590
   11.070
    4.170
   -5.590
   -4.540
   -2.190
    0.450
    8.210
   16.460
   15.210
    5.360
    1.940
    3.910
    1.600
    1.840
    1.520
   -7.460
   -7.890
   -2.130
   -3.560
   -1.960
    5.770
    7.930
   -0.130
   -4.490
   -2.000
   -4.750
   -9.530
   -3.350
    7.650
   10.030
    9.430
   10.850
   11.380
    4.430
   -3.830
   -4.360
   -4.870
   -5.990
   -3.610
   -0.580
   -2.600
   -8.900
  -10.470
   -6.650
   -5.060
   -8.540
  -15.530
  -16.630
  -13.190
  -11.770
   -8.110
  -11.180
  -15.150
   -5.150
    2.070
   -2.850
   -3.340
    0.090
   -6.070
   -8.710
    0.850
    8.010
    3.110
   -6.520
   -9.600
   -9.520
  -11.660
  -10.830
   -3.290
   -1.760
   -9.080
  -11.290
  -11.580
  -20.470
  -30.270
  -25.270
  -11.500
   -5.680
   -4.860
   -3.470
   -6.260
  -14.070
  -19.930
  -14.910
   -6.500
   -2.200
    5.830
    7.160
    3.620
    4.500
    4.340
    9.270
    7.540
   -6.250
   -8.160
   -4.360
   -6.040
    3.870
   18.360
   18.010
   12.330
   12.630
   10.450
    8.700
    9.200
    7.860
    5.510
   -0.440
   -3.600
   -3.910
   -6.010
   -7.050
   -4.390
   -3.830
   -2.950
    1.920
    0.870
   -2.150
    2.490
   10.210
    8.600
    0.390
   -6.090
   -9.660
   -8.600
  -12.070
  -21.070
  -27.340
  -31.730
  -28.110
  -20.800
  -19.530
  -18.900
  -15.560
  -10.070
   -8.990
  -11.220
  -12.070
  -13.470
  -12.500
  -10.830
  -10.890
  -10.360
  -16.450
  -22.110
  -19.840
  -17.480
  -13.670
  -18.670
  -29.500
  -31.670
  -30.890
  -27.020
  -22.520
  -26.140
  -25.290
  -16.880
  -14.400
  -12.890
  -15.370
  -20.010
  -18.280
  -16.310
   -7.040
   10.980
   24.690
   23.740
   10.500
   -2.780
   -6.330
   -1.960
   -1.780
   -1.000
    3.650
    7.640
    9.890
    9.620
    4.750
   -4.800
   -5.500
   -1.230
    1.400
    2.540
   -3.630
   -9.360
  -10.970
  -14.090
  -14.010
   -6.040
    0.540
   -2.750
   -4.650
    2.110
    6.310
    1.650
   -6.820
  -10.770
  -13.940
  -10.170
    2.180
   11.190
   13.760
    8.230
    2.310
   -7.820
  -13.040
   -3.350
   -0.890
   -5.710
   -6.150
   -7.750
  -12.590
  -18.730
  -19.280
  -10.640
  -10.130
  -11.980
   -6.890
   -9.690
  -15.760
  -17.330
  -11.160
   -6.820
   -7.930
   -0.400
    1.700
   -5.410
  -13.000
  -21.550
  -24.520
  -28.200
  -31.470
  -20.940
   -5.980
   -1.860
   -0.650
    4.890
    5.970
   -0.210
   -9.050
  -11.610
  -10.000
  -11.180
   -8.030
   -2.570
   -0.250
    0.980
    3.570
    4.360
   -1.980
  -15.550
  -23.840
  -20.490
  -13.310
   -1.960
    5.980
    5.210
    1.620
    0.760
    1.140
   -6.640
  -10.930
   -4.630
    0.410
    7.500
   15.520
   17.440
   13.920
    1.700
  -12.380
  -19.600
  -26.640
  -34.010
  -31.340
  -19.550
   -6.470
    1.460
   -1.240
   -6.610
   -1.140
    9.090
    8.070
    4.370
   10.240
   16.620
   12.640
    6.430
    6.000
    9.900
   19.440
   18.300
    4.390
    3.420
   10.770
    7.350
    2.950
   10.390
   12.260
   -6.770
  -20.000
   -5.820
   13.920
   16.350
   10.270
    6.320
   -1.500
   -7.070
   -2.710
   -1.650
   -4.200
   -0.650
    1.830
   -0.860
   -1.570
    1.610
    7.210
    9.580
    2.510
    1.650
   11.190
   17.530
   19.510
   14.510
    4.230
   -4.210
   -2.610
   10.470
   22.870
   28.900
   28.940
   19.450
    6.190
    0.760
   -1.260
    0.280
   11.140
   15.520
    9.900
    9.830
   10.480
    7.090
    6.230
    1.400
    0.730
    6.690
    3.320
   -0.630
    7.090
   20.150
   19.770
   10.800
    5.770
    1.070
   -1.710
   -3.710
   -2.660
    1.860
    7.000
   13.060
   12.180
    8.470
    8.160
    5.460
    5.910
   11.570
   14.730
   17.730
   17.160
   10.550
    7.200
    0.080
   -8.540
   -5.770
    0.820
    4.650
    5.190
    5.240
    7.040
    4.120
    2.100
    7.330
    7.930
   -2.970
   -7.800
    3.110
   10.480
   -0.320
  -11.540
   -3.290
   -3.020
  -10.600
   -0.690
    4.830
   -5.280
  -14.850
  -12.950
  -11.160
  -15.530
  -11.900
   -3.300
    1.520
   -1.020
  -11.200
  -15.900
  -10.870
   -7.860
  -10.020
  -13.860
  -14.040
  -12.270
  -12.950
   -6.890
    1.630
    4.040
    4.630
    4.070
    0.920
   -8.570
  -16.490
  -14.800
  -11.970
   -9.460
   -5.610
    1.410
    5.100
    1.690
    3.680
    7.420
    5.010
    0.040
   -4.640
   -0.610
    6.530
   -4.830
  -16.290
   -8.360
    0.050
    2.480
    3.400
    1.190
   -8.190
  -12.380
   -7.560
   -4.990
   -2.130
   -4.230
  -11.350
  -16.460
  -17.930
  -15.810
  -11.770
   -8.220
   -9.940
  -16.330
  -19.520
