    4    28    43
    5    32    53
    9    38    65
    3    42    70
    1    38    77
    8    32    85
    7    31    91
    2    30    88
    5    30    86
   10    28    89
   11    25    92
    4    26    89
    2    24    92
    7    21    88
    8    21    76
    7    24    72
    3    23    69
    9    16    69
    9    14    59
    4    21    42
    6    25    30
    9    24    29
    7    16    26
    4    12    18
    6    15     8
    6    15    -5
   12     9   -13
   10     3   -11
    7    -3    -4
    7    -9    -7
    8   -15   -22
    9   -20   -30
    7   -20   -30
    7   -14   -30
    9   -13   -39
   11   -13   -39
   10   -10   -41
    8    -4   -42
    6    -6   -45
    6   -11   -51
    4   -14   -52
    8   -16   -48
    7   -11   -47
    9   -13   -51
    8   -17   -55
    8   -14   -47
    8   -10   -43
    8    -8   -46
    9    -6   -51
    7     1   -59
    7    11   -49
    9    19   -32
   10    24   -21
    9    29   -15
    7    34   -13
   13    45    -3
   12    47     7
    7    47    14
   11    43    22
   14    28    31
   17    16    39
   14    -2    43
   12   -19    49
   14   -32    52
   15   -44    60
   18   -55    69
   20   -62    70
   22   -64    73
   25   -66    75
   24   -67    81
   21   -66    82
   26   -67    81
   25   -62    84
   25   -52    87
   26   -45    83
   25   -42    65
   24   -37    54
   21   -28    61
   23   -22    59
   21   -16    49
   17   -17    43
   15   -13    48
   15    -9    44
   16    -9    30
   13   -18    17
   10   -19    17
   11   -14    14
    9   -15     7
    7   -21     6
   10   -24    10
   11   -24    13
   11   -18    10
   10   -13     4
    9    -9    -1
   10    -7    -3
    9    -6    -7
    6     0   -13
    7     4   -15
    5     3   -18
    6     9   -22
    8    21   -30
   12    22   -33
   17    24   -42
   25    26   -48
   41    33   -53
   48    32   -58
   53    33   -63
   63    35   -63
   78    32   -61
   83    34   -55
   84    39   -55
   82    39   -51
   72    42   -45
   57    43   -38
   42    47   -33
   29    49   -28
   18    50   -24
    7    53   -15
    1    54   -11
   -1    53    -7
   -4    49     1
  -10    47    11
  -12    53    16
  -15    54    23
  -16    49    31
  -12    40    36
   -9    33    41
   -6    32    48
   -3    32    55
    1    29    62
    5    26    65
    4    27    68
    4    31    72
    9    31    74
    9    30    76
    8    30    76
    7    28    72
    8    24    71
   10    22    70
    7    22    68
   11    26    64
   13    25    57
   13    21    51
   10    17    50
    9    15    40
   15    13    35
   12    12    29
    9    15    19
   11    22     8
   15    27     5
   17    31    -3
   14    27    -6
   17    30    -7
   18    32   -11
   13    33   -11
   16    30   -16
   19    28   -26
   21    32   -33
   21    31   -36
   22    26   -39
   24    21   -44
   21    25   -50
   23    30   -48
   24    27   -50
   25    23   -57
   26    17   -60
   26    18   -58
   27    20   -58
   31    14   -61
   32     6   -63
   30     7   -63
   31    11   -58
   31    14   -61
   33    10   -59
   36    13   -50
   36    13   -46
   34     2   -40
   34    -6   -35
   36   -15   -25
   40   -19   -20
   36   -16   -18
   37   -15   -15
   39   -20   -10
   40   -23     3
   38   -22    16
   36   -15    26
   36   -17    37
   39   -23    43
   39   -23    46
   36   -20    49
   28   -17    66
   29   -14    83
   42   -13    88
   41   -12    93
   28   -12    95
   40   -15    97
   43   -15    97
   34   -14    98
   33    -3   102
   41    12   105
   37    20   102
   34    21    98
   42    25    95
   43    41    97
   42    48    95
   40    43   102
   39    39    99
   45    38    88
   42    29    86
   42    13    85
   44   -10    74
   45   -27    61
   44   -39    51
   41   -51    42
   44   -67    30
   46   -71    20
   44   -70    13
   42   -71     7
   42   -74    -2
   41   -78   -15
   40   -72   -25
   39   -67   -31
   38   -61   -36
   39   -56   -38
   39   -48   -47
   37   -39   -58
   34   -33   -65
   37   -32   -67
   37   -26   -72
   34   -15   -76
   33    -5   -68
   35    -5   -70
   37   -15   -75
   34   -23   -76
   34   -24   -76
   36   -24   -75
   37   -23   -75
   31   -17   -76
   35    -8   -70
   38    -9   -64
   39    -6   -63
   34    -4   -54
   34     0   -43
   38     0   -35
   35    -7   -31
   28   -14   -24
   33   -12   -13
   34     3    -7
   37     8     2
   32     7    11
   32     6    21
   32    12    30
   30    22    35
   29    25    40
   31    27    47
   28    32    54
   27    35    61
   28    40    69
   27    43    76
   26    45    76
   25    48    71
   23    51    81
   21    53    87
   23    51    86
   24    45    86
   22    45    84
   21    50    81
   16    55    78
   17    51    75
   18    52    73
   18    53    64
   18    50    52
   17    50    41
   17    48    35
   14    48    30
   12    41    22
   15    43    21
   16    40    17
   15    33     6
   11    28   -11
   12    23   -20
   14    24   -10
   13    21    -4
   13    20   -17
   12    26   -33
    9    28   -36
    9    24   -33
   12    19   -30
   13    15   -32
   14    17   -38
   13    20   -42
   13    23   -51
   13    28   -59
   12    31   -59
   14    32   -62
   11    37   -63
   10    41   -60
   11    43   -64
   13    43   -62
   11    37   -58
   10    36   -57
   11    42   -51
    9    43   -43
   10    41   -38
   11    40   -27
   13    39   -23
   12    40   -19
   11    34   -12
    9    26    -2
    8    17     9
    9    16    18
    9    19    28
    9    24    33
    9    16    37
   11    11    41
   12    15    49
   10    14    55
    6    14    54
    9    17    53
   10    20    66
   10    14    79
   11    14    84
   10    13    85
   10    15    90
    8     9    93
    7     4    90
    9    -2    91
    9    -9    92
    7   -13    88
    6   -14    84
   10   -15    78
   10   -12    70
    8   -19    65
    6   -16    58
    7   -14    51
    9   -14    46
    8   -16    37
    5   -17    21
    8   -18    10
    9   -16     0
    8   -10    -6
    8    -9   -14
    5   -16   -23
    8   -22   -25
    5   -19   -22
    4   -17   -18
    5   -15   -16
    5    -3   -22
   10    14   -42
    5    22   -55
    4    22   -51
    5    26   -42
    6    40   -42
    5    41   -52
    4    36   -54
    4    35   -48
    5    30   -48
    7    18   -55
    9     0   -60
    5   -11   -63
    5   -16   -68
    6   -28   -66
    6   -48   -62
    5   -62   -57
    7   -65   -52
    8   -63   -49
    8   -64   -46
    7   -63   -39
    7   -68   -30
    6   -68   -22
    7   -65   -10
    6   -58    -1
    6   -48     3
    7   -40     9
    7   -37    10
    6   -36    17
    5   -32    31
    5   -26    40
    7   -18    48
    7   -14    54
    7   -18    60
    7   -21    64
    9   -25    66
    8   -28    72
    5   -28    77
    5   -29    77
    7   -25    79
    6   -23    79
    8   -20    74
    5   -19    69
    7   -16    63
    9   -13    56
    9    -3    54
    5     2    45
    9    10    39
    7    11    31
    5    10    20
    5    16    13
    6    16     9
    9    11     7
    5    14     0
    6    12    -7
    3    12   -11
    7    15   -12
    6    17   -17
    4    25   -18
    6    35   -18
    5    38   -18
    8    37   -19
    6    38   -22
    7    42   -23
    8    48   -34
    3    51   -28
    4    55   -18
    7    59   -23
   10    54   -37
    6    42   -27
    3    40   -31
    7    46   -43
    7    47   -41
    3    50   -38
    6    50   -35
    6    44   -38
    4    42   -38
    4    44   -34
    9    44   -30
   14    39   -31
   12    36   -29
    5    29   -18
    8    22    -8
   13    20    -6
   13    19    -4
   10    20     5
   12    22    10
   17    22    17
   17    24    26
   18    27    38
   20    29    50
   22    25    54
   22    25    55
   20    36    60
   20    42    69
   23    43    75
   21    40    79
   21    34    83
   23    33    90
   19    33    90
   18    38    93
   21    44    89
   21    44    85
   14    41    81
   13    40    78
   13    36    82
   15    37    78
    8    42    70
    3    45    60
    7    38    52
    6    31    48
    5    25    43
    5    30    36
    5    30    28
    3    26    25
    4    29    14
    4    25     5
    4    21    -2
    3    18    -7
    4    14   -12
    6    11   -15
    7    12   -18
    1    14   -16
    2    13   -19
    6     5   -24
   12     3   -27
   18     0   -32
   23    -8   -39
   37   -10   -48
   51   -11   -47
   52    -9   -46
   57    -9   -49
   72    -7   -55
   88    -8   -53
   85    -5   -55
   82    -5   -57
   78    -5   -62
   68    -7   -62
   53    -4   -60
   37    -1   -58
   24    -3   -56
   14    -5   -51
    2    -2   -43
   -6    10   -36
   -7    22   -32
   -9    26   -25
  -11    32   -16
  -16    34    -5
  -19    47     4
  -16    57     7
  -17    60     9
  -12    53    14
  -11    49    28
   -2    31    36
    1     0    45
    2   -19    54
    3   -22    62
    4   -23    70
    7   -34    77
    7   -41    82
    3   -44    88
    5   -44    91
    7   -50    93
   10   -52    95
   10   -52    99
    4   -47    97
    7   -49    95
   12   -53    93
   13   -54    90
   11   -47    87
    9   -40    82
   12   -35    76
   13   -34    71
   12   -28    63
   15   -23    56
   17   -17    51
   11   -18    43
   12   -17    38
   15    -8    29
   14    -2    22
   18    -1    18
   17    -3    15
   19    -2    15
   18     2    15
   20    -1     1
   20    -7    -4
   18    -9    -1
   23    -7    -2
   23    -2   -13
   22     1   -16
   23     1   -17
   26    -1   -17
   25     4   -20
   24    13   -29
   22    12   -37
   23    17   -36
   27    29   -43
   27    40   -41
   28    47   -40
   27    45   -42
   26    44   -46
   31    46   -45
   29    43   -43
   30    39   -39
   30    43   -34
   31    50   -21
   34    55   -15
   34    53    -9
   35    47    -3
   35    47     7
   34    52    16
   35    51    17
   35    50    25
   37    52    35
   37    56    45
   38    55    48
   39    48    50
   35    48    55
   31    55    60
   33    55    64
   36    53    70
   36    48    74
   37    44    76
   38    37    78
   39    32    79
   34    30    80
   32    31    81
   38    30    78
   39    32    73
   35    28    71
   36    23    70
   42    19    66
   44    24    61
   40    21    58
   41    15    52
   44    13    47
   45    14    45
   44    21    37
   44    23    28
   46    25    18
   47    29    11
   44    27     4
   45    23    -3
   46    24    -7
   43    26    -8
   41    25   -10
   41    22    -9
   43    20   -14
   38    24   -18
   41    26   -19
   42    24   -25
   42    23   -33
   35    25   -35
   31    27   -35
   35    26   -36
   30    27   -37
   30    32   -38
   32    34   -39
   32    30   -41
   30    26   -45
   26    22   -47
   29    16   -51
   29    11   -52
   28    13   -49
   28    16   -43
   29    17   -37
   30    16   -36
   23    18   -37
   26    16   -31
   28    22   -19
   29    20    -7
   25    15    -2
   25    12     2
   28     9    13
   27     3    21
   25    -3    30
   26    -3    39
   23     7    46
   24    13    50
   22     5    58
   24    -6    71
   24    -8    76
   27   -15    78
   23   -19    80
   22   -19    88
   20   -17    95
   20   -13    97
   21   -13    98
   16   -15   104
   15   -16   105
   16   -11   104
   17    -7    96
   14    -5    93
   10    -7    92
   13    -7    88
   11    -1    80
   11     1    77
   11     1    72
   11     6    66
   11    18    53
    9    31    41
    8    34    31
    9    34    26
    7    43    18
    3    53    19
    4    54    16
    7    43    11
    6    36     4
    5    26    -1
    6     3    -6
    6   -16    -9
    4   -30   -14
    4   -37   -20
    3   -44   -28
    4   -54   -31
    1   -56   -34
    6   -56   -39
    4   -55   -37
    2   -54   -41
   -1   -48   -48
   -1   -44   -51
    2   -42   -54
    4   -44   -56
    3   -41   -52
   -2   -39   -49
   -1   -42   -48
    3   -32   -45
    3   -27   -40
    2   -27   -36
    1   -27   -24
    2   -28   -16
    4   -20   -11
    2    -9    -7
    3    -3    -3
    4     1     7
    1     3    16
    1     7    23
    4     4    30
    0    -2    34
    0    -1    38
    2     8    42
    5     9    46
    1     5    53
   -2     1    64
    1     2    67
    4     5    67
    1     4    71
   -2    10    73
    0    14    75
    4    17    81
    1    21    82
    0    27    85
    1    37    88
    1    45    85
    0    48    80
   -1    50    74
   -1    54    76
    2    56    78
    1    63    72
   -3    68    60
    0    65    46
    0    60    34
    0    57    25
   -1    57    21
   -3    57    19
   -1    58    13
    0    61     3
    1    63    -8
    0    64    -7
    1    63    -9
    1    61   -16
   -1    63   -20
   -2    66   -16
    1    60   -18
    2    55   -27
    1    54   -38
    3    48   -40
    0    42   -44
    2    42   -45
    1    38   -46
   -2    41   -43
    1    42   -43
    6    47   -46
    6    50   -45
    3    47   -44
    4    43   -43
    8    47   -43
    4    46   -40
    1    39   -37
    3    36   -31
    4    38   -28
    7    40   -22
    8    35   -17
    6    31   -10
    8    33    -2
    9    36     6
   11    36    16
    9    36    24
   11    39    39
   11    42    47
   13    42    46
   12    38    49
   12    36    55
   15    39    68
   16    44    74
   16    44    75
   17    41    80
   21    36    79
   23    37    82
   21    43    84
   18    43    93
   22    43    99
   22    46    99
   20    44    98
   21    40    93
   18    33    90
   21    30    81
   20    31    73
   16    31    70
   18    29    70
   15    27    57
   12    25    48
   10    26    39
    9    26    31
    7    24    31
    8    25    31
    8    31    19
    7    29     6
    5    23     2
    3    17     4
    5    18    -2
    6    23    -4
    5    27     0
    5    26    -2
    4    19    -7
    4    21    -7
    3    21     0
    4    18     2
    3    15    -5
    4     9    -9
    4     2   -14
    8    -3   -17
   15    -4   -20
   20    -1   -21
   35     0   -21
   49    -1   -24
   56    -4   -27
   63    -7   -31
   77    -3   -29
   84     1   -30
   86     1   -31
   83    -1   -28
   77    -4   -25
   63    -9   -18
   46    -9   -15
   34    -4   -14
   22     0    -4
    8     1     3
   -4     6     7
   -5    17     8
   -7    27     4
  -13    31    14
  -17    33    27
  -19    37    32
  -20    39    38
  -16    42    47
  -12    47    52
  -10    50    55
   -3    48    61
   -1    43    68
    0    36    69
    2    17    75
    5    -2    80
    5   -15    85
    9   -28    87
    7   -36    89
    5   -43    85
    5   -44    81
   10   -46    78
   10   -47    72
   10   -47    66
   12   -43    65
   14   -39    56
   12   -44    37
   10   -42    23
   12   -38    16
   12   -35    12
   13   -31     7
   12   -27     5
   12   -17     1
   16    -7    -4
   15    -4   -10
   14    -6    -9
   15    -3    -6
   16    -2    -8
   18    -9   -13
   18   -13   -14
   20   -13   -14
   18   -13   -15
   19   -14   -17
   22   -12   -20
   23    -3   -22
   22     3   -23
   23     6   -29
   20     9   -35
   21     9   -38
   23     8   -39
   24     9   -42
   25    17   -45
   26    26   -42
   23    35   -48
   26    30   -51
   28    28   -50
   29    24   -49
   29    21   -46
   31    22   -47
   33    25   -42
   33    29   -37
   32    35   -28
   33    38   -20
   35    48   -13
   33    56    -5
   37    56     0
   38    49     7
   39    46    15
   36    50    20
   39    56    28
   40    59    35
   38    60    41
   37    60    49
   37    66    56
   39    63    62
   39    56    72
   39    52    77
   36    49    84
   37    49    87
   36    49    88
   35    48    94
   37    46   102
   37    44   103
   39    43   101
   38    38    98
   39    33    94
   39    26    91
   41    31    89
   37    41    84
   40    41    76
   42    34    71
   42    34    70
   43    39    66
   40    41    61
   43    33    50
   43    33    37
   45    36    34
   42    37    30
   41    34    23
   42    30    19
   38    25    19
   37    21    20
   35    22    14
   37    30     1
   35    33    -3
   30    31    -7
   31    31    -9
   30    34   -11
   27    38   -17
   27    36   -20
   25    40   -24
   23    41   -29
   23    46   -35
   23    47   -43
   26    49   -48
   23    47   -52
   23    40   -59
   24    37   -66
   24    36   -67
   23    33   -67
   19    30   -65
   24    31   -59
   22    31   -60
   23    28   -58
   24    31   -58
   24    35   -49
   23    28   -40
   22    22   -31
   22    17   -23
   24    18   -13
   21    21    -4
   21    25     2
   23    22     7
   22    23    16
   22    23    22
   22    19    26
   23    13    37
   21     5    46
   19     5    54
   17     5    57
   19     3    62
   17     3    68
   18     2    77
   18    -3    78
   15    -7    84
   14    -5    85
   12    -5    82
   14    -8    84
   12   -15    81
   10    -5    76
    8     9    71
    9    14    70
    6     7    65
    7    -1    59
    5     1    54
    4     9    45
    1    13    38
    1    21    36
    2    29    30
    3    35    24
    2    33    18
    1    37    11
    1    39     6
   -2    44     2
   -3    48    -1
   -2    52    -1
    1    54    -5
    0    43    -9
   -3    28   -15
   -6     5   -16
   -3   -12   -17
   -2   -26   -19
   -1   -35   -24
   -3   -47   -27
   -3   -56   -31
    0   -59   -35
    1   -61   -38
   -2   -61   -37
   -3   -53   -37
   -2   -50   -42
   -2   -45   -43
   -4   -36   -43
   -2   -29   -42
   -3   -23   -37
    1   -18   -32
    1   -12   -23
   -3    -5   -16
   -1     1   -11
    2     0   -10
    0     3    -4
   -4    -3     0
   -1   -15     8
   -1   -18    19
    1   -14    27
    1   -13    34
   -3    -5    41
